aim_strafe_left.png
size:432,256
repeat:none
0001
bounds:0,0,54,64
0002
bounds:54,0,54,64
0003
bounds:108,0,54,64
0004
bounds:162,0,54,64
0005
bounds:216,0,54,64
0006
bounds:270,0,54,64
0007
bounds:324,0,54,64
0008
bounds:378,0,54,64
0009
bounds:0,64,54,64
0010
bounds:54,64,54,64
0011
bounds:108,64,54,64
0012
bounds:162,64,54,64
0013
bounds:216,64,54,64
0014
bounds:270,64,54,64
0015
bounds:324,64,54,64
0016
bounds:378,64,54,64
0017
bounds:0,128,54,64
0018
bounds:54,128,54,64
0019
bounds:108,128,54,64
0020
bounds:162,128,54,64
0021
bounds:216,128,54,64
0022
bounds:270,128,54,64
0023
bounds:324,128,54,64
0024
bounds:378,128,54,64
0025
bounds:0,192,54,64
0026
bounds:54,192,54,64
0027
bounds:108,192,54,64
0028
bounds:162,192,54,64
0030
bounds:216,192,54,64
0029
bounds:216,192,54,64
