aim_idle.png
size:320,512
repeat:none
0001
bounds:0,0,32,64
0002
bounds:32,0,32,64
0003
bounds:64,0,32,64
0004
bounds:96,0,32,64
0005
bounds:128,0,32,64
0006
bounds:160,0,32,64
0007
bounds:192,0,32,64
0008
bounds:224,0,32,64
0009
bounds:256,0,32,64
0010
bounds:288,0,32,64
0011
bounds:0,64,32,64
0012
bounds:32,64,32,64
0013
bounds:64,64,32,64
0014
bounds:96,64,32,64
0015
bounds:128,64,32,64
0016
bounds:160,64,32,64
0017
bounds:192,64,32,64
0018
bounds:224,64,32,64
0019
bounds:256,64,32,64
0020
bounds:288,64,32,64
0021
bounds:0,128,32,64
0022
bounds:32,128,32,64
0023
bounds:64,128,32,64
0024
bounds:96,128,32,64
0025
bounds:128,128,32,64
0026
bounds:160,128,32,64
0027
bounds:192,128,32,64
0028
bounds:224,128,32,64
0029
bounds:256,128,32,64
0030
bounds:288,128,32,64
0031
bounds:0,192,32,64
0032
bounds:32,192,32,64
0033
bounds:64,192,32,64
0034
bounds:96,192,32,64
0035
bounds:128,192,32,64
0036
bounds:160,192,32,64
0037
bounds:192,192,32,64
0038
bounds:224,192,32,64
0039
bounds:256,192,32,64
0040
bounds:288,192,32,64
0041
bounds:0,256,32,64
0042
bounds:32,256,32,64
0043
bounds:64,256,32,64
0044
bounds:96,256,32,64
0045
bounds:128,256,32,64
0046
bounds:160,256,32,64
0047
bounds:192,256,32,64
0048
bounds:224,256,32,64
0049
bounds:256,256,32,64
0050
bounds:288,256,32,64
0051
bounds:0,320,32,64
0052
bounds:32,320,32,64
0053
bounds:64,320,32,64
0054
bounds:96,320,32,64
0055
bounds:128,320,32,64
0056
bounds:160,320,32,64
0057
bounds:192,320,32,64
0058
bounds:224,320,32,64
0059
bounds:256,320,32,64
0060
bounds:288,320,32,64
0061
bounds:0,384,32,64
0062
bounds:32,384,32,64
0063
bounds:64,384,32,64
0064
bounds:96,384,32,64
0065
bounds:128,384,32,64
0066
bounds:160,384,32,64
0067
bounds:192,384,32,64
0068
bounds:224,384,32,64
0069
bounds:256,384,32,64
0070
bounds:288,384,32,64
0071
bounds:0,448,32,64
