player_run.png
size:306,198
repeat:none
0001
bounds:0,0,32,64
0002
bounds:34,0,32,64
0003
bounds:68,0,32,64
0004
bounds:102,0,32,64
0005
bounds:136,0,32,64
0006
bounds:170,0,32,64
0007
bounds:204,0,32,64
0008
bounds:238,0,32,64
0009
bounds:272,0,32,64
0010
bounds:0,66,32,64
0011
bounds:34,66,32,64
0012
bounds:68,66,32,64
0013
bounds:102,66,32,64
0014
bounds:136,66,32,64
0015
bounds:170,66,32,64
0016
bounds:204,66,32,64
0017
bounds:238,66,32,64
0018
bounds:272,66,32,64
0019
bounds:0,132,32,64
0020
bounds:34,132,32,64
0021
bounds:68,132,32,64
