player_walk.png
size:306,396
repeat:none
0001
bounds:0,0,32,64
0002
bounds:34,0,32,64
0003
bounds:68,0,32,64
0004
bounds:102,0,32,64
0005
bounds:136,0,32,64
0006
bounds:170,0,32,64
0007
bounds:204,0,32,64
0008
bounds:238,0,32,64
0009
bounds:272,0,32,64
0010
bounds:0,66,32,64
0011
bounds:34,66,32,64
0012
bounds:68,66,32,64
0013
bounds:102,66,32,64
0014
bounds:136,66,32,64
0015
bounds:170,66,32,64
0016
bounds:204,66,32,64
0017
bounds:238,66,32,64
0018
bounds:272,66,32,64
0019
bounds:0,132,32,64
0020
bounds:34,132,32,64
0021
bounds:68,132,32,64
0022
bounds:102,132,32,64
0023
bounds:136,132,32,64
0024
bounds:170,132,32,64
0025
bounds:204,132,32,64
0026
bounds:238,132,32,64
0027
bounds:272,132,32,64
0028
bounds:0,198,32,64
0029
bounds:34,198,32,64
0030
bounds:68,198,32,64
0031
bounds:102,198,32,64
0032
bounds:136,198,32,64
0033
bounds:170,198,32,64
0034
bounds:204,198,32,64
0035
bounds:238,198,32,64
0036
bounds:272,198,32,64
0037
bounds:0,264,32,64
0038
bounds:34,264,32,64
0039
bounds:68,264,32,64
0040
bounds:102,264,32,64
0041
bounds:136,264,32,64
0042
bounds:170,264,32,64
0043
bounds:204,264,32,64
0044
bounds:238,264,32,64
0045
bounds:272,264,32,64
0046
bounds:0,330,32,64
0047
bounds:34,330,32,64
0048
bounds:68,330,32,64
