walk_strafe_right.png
size:480,256
repeat:none
0001
bounds:0,0,48,64
0002
bounds:48,0,48,64
0003
bounds:96,0,48,64
0004
bounds:144,0,48,64
0005
bounds:192,0,48,64
0006
bounds:240,0,48,64
0007
bounds:288,0,48,64
0008
bounds:336,0,48,64
0009
bounds:384,0,48,64
0010
bounds:432,0,48,64
0011
bounds:0,64,48,64
0012
bounds:48,64,48,64
0013
bounds:96,64,48,64
0014
bounds:144,64,48,64
0015
bounds:192,64,48,64
0016
bounds:240,64,48,64
0017
bounds:288,64,48,64
0018
bounds:336,64,48,64
0019
bounds:384,64,48,64
0020
bounds:432,64,48,64
0021
bounds:0,128,48,64
0022
bounds:48,128,48,64
0023
bounds:96,128,48,64
0024
bounds:144,128,48,64
0025
bounds:192,128,48,64
0026
bounds:240,128,48,64
0027
bounds:288,128,48,64
0028
bounds:336,128,48,64
0029
bounds:384,128,48,64
0030
bounds:432,128,48,64
0031
bounds:0,192,48,64
0032
bounds:48,192,48,64
